"RentTotal","SqftLease","Renovation","LeaseLen","Age","DistCity","DistAirp","DriveAirp","Location","Occupancy","FloorsBldg","SqftFloor","Elevators","Restaurant","Wiring","Exercise","DistHosp","FirmType","FloorLease","Renewable","Parking"
346566.210810337,42221.34,29,8,29,6.05,19.42,45.71,"SUBOLD",1,10,34832.89,5,"NO","NO","NO",2.14,"BUS.",1,"NO",6
2194487.41269143,66219.05,1,4,19,2.85,11.8,14.85,"SUBNEW",0.74,15,43509.41,5,"YES","YES","YES",0.8,"BUS.",7,"NO",14
342055.541484135,16054.41,32,3,43,1.24,14.53,25.71,"CITY",0.97,37,32099.67,6,"NO","NO","NO",1.33,"BUS.",22,"NO",5
169642.152236124,4082.25,0,10,47,1.11,14.3,24.8,"CITY",1,28,33533.08,4,"YES","YES","YES",1.09,"DOCTOR",27,"YES",4
626817.558031289,36601.81,2,3,2,6.37,19.89,47.5,"SUBOLD",0.75,12,16247.99,6,"YES","NO","YES",2.38,"OTHER",10,"NO",0
195896.972255348,8771.04,15,9,31,0.75,15.15,28.77,"CITY",0.93,41,30630.03,6,"NO","NO","NO",0.55,"LEGAL",38,"NO",3
341856.062837279,16682.11,47,10,47,0.13,14.31,25.61,"CITY",0.81,28,35602.52,5,"YES","NO","NO",0.58,"OTHER",25,"NO",4
43708.3830484773,2384.71,15,8,15,2,14.32,24.93,"SUBNEW",0.76,19,53479.76,7,"YES","NO","NO",1.28,"DOCTOR",15,"NO",2
253836.599857366,9806.3,6,9,6,2.75,13.91,24,"SUBNEW",0.97,24,43518.42,6,"YES","YES","YES",0.59,"GOVT",14,"NO",3
417945.865851633,26066.95,23,7,23,5.41,11.19,21.12,"SUBNEW",0.83,17,25986.37,4,"NO","NO","NO",0.9,"OTHER",7,"NO",4
146397.43125736,7205.11,38,5,38,0.89,13.54,23.01,"CITY",0.98,10,20257.58,3,"NO","NO","NO",0.34,"DOCTOR",2,"YES",4
215760.724911127,8564.9,7,9,40,0.75,13.85,24.67,"CITY",0.85,22,23971.28,6,"NO","NO","NO",0.63,"DOCTOR",16,"NO",2
1251804.11224045,51934.01,9,7,20,2.84,11.62,15.19,"SUBNEW",0.81,16,53803.1,6,"YES","YES","NO",0.31,"BUS.",3,"NO",0
458206.162039395,18486.45,47,9,47,0.89,13.88,23.36,"CITY",0.99,40,38255.35,10,"YES","NO","NO",0.57,"LEGAL",15,"YES",0
77916.0498037339,4298.67,7,10,7,4.03,11.71,17.4,"SUBNEW",0.67,11,30951.37,5,"NO","NO","NO",1.47,"DOCTOR",1,"NO",0
81200.5312264403,4145.11,16,3,16,5.48,12.58,25.52,"SUBNEW",0.59,12,15353.05,6,"NO","NO","NO",2.37,"LEGAL",2,"NO",0
23255.1136057401,1907.16,11,9,11,4.77,19.03,43.7,"SUBOLD",0.8,12,33419.76,6,"NO","NO","NO",1.46,"DOCTOR",4,"NO",0
758051.709055532,39823.61,54,10,79,1.47,15.06,30.38,"CITY",0.84,15,32296.55,6,"NO","NO","NO",0.91,"GOVT",7,"NO",7
71273.6781293,2286.97,12,3,33,1.47,14.43,28.48,"CITY",0.99,48,21600.08,9,"NO","NO","NO",0.32,"BUS.",42,"NO",4
632034.281043088,23747.04,1,6,1,0.1,14.5,26.48,"CITY",0.31,73,47424.05,12,"YES","NO","YES",0.79,"GOVT",9,"NO",1
2549460.16143669,198043.06,14,8,14,1.94,15.93,31.3,"SUBOLD",0.54,12,38062.87,3,"YES","NO","YES",1.55,"BUS.",7,"YES",23
2594663.34737819,106084.1,13,3,13,4.33,11.98,19.66,"SUBNEW",0.98,13,55451.13,3,"NO","NO","NO",1.56,"BUS.",12,"NO",9
360857.550668972,17314.41,3,3,3,1.65,15.36,28.99,"SUBOLD",0.95,15,27631.28,7,"YES","NO","YES",1.65,"BUS.",13,"NO",3
31661.1656938105,1831.2,22,6,22,4.88,11.6,20.31,"SUBNEW",0.7,19,33313.02,9,"NO","NO","NO",1.17,"OTHER",1,"NO",2
380811.088998421,15747.76,6,3,6,3.05,12.96,20.43,"SUBNEW",0.77,14,33643.8,4,"NO","YES","NO",1.32,"BUS.",5,"NO",0
943654.712038609,45380.6,44,7,62,1.13,13.66,22.4,"CITY",0.98,20,23030.12,5,"NO","NO","NO",0.68,"LEGAL",12,"NO",5
108899.956225275,11616.48,8,7,37,3.24,17.4,37.2,"SUBOLD",0.56,13,36217.44,3,"NO","NO","NO",0.92,"GOVT",11,"YES",2
695713.130212991,32083.49,1,3,1,4.73,11.64,19.82,"SUBNEW",0.34,20,34985.02,9,"YES","NO","NO",1.2,"LEGAL",14,"NO",4
323042.6506316,10288.28,4,5,40,0.64,13.79,23.76,"CITY",0.98,18,36919.68,5,"NO","YES","NO",0.19,"BUS.",6,"NO",0
87008.777806297,4252.47,44,4,70,0.35,14.6,27.16,"CITY",0.99,5,31030.92,4,"NO","NO","NO",0.94,"BUS.",3,"NO",3
261023.09143114,9368.77,3,6,30,5.34,10.92,20.02,"SUBNEW",0.97,7,32383.28,4,"NO","NO","NO",0.56,"DOCTOR",1,"NO",0
242494.064489051,14450.58,30,5,30,4.45,12,20.13,"SUBNEW",0.9,24,45581.22,5,"NO","NO","NO",1.56,"GOVT",7,"YES",1
5799.73809782974,211.55,27,10,27,2.06,15.51,29.61,"SUBOLD",0.68,13,38570.3,3,"NO","NO","NO",2.03,"DOCTOR",3,"NO",3
486847.819681749,30934.26,18,6,18,4.61,11.9,20.33,"SUBNEW",0.9,14,30729.23,6,"NO","NO","NO",1.46,"LEGAL",10,"NO",0
105753.24234734,4586.76,26,8,47,0.12,14.3,25.66,"CITY",0.92,13,25774.46,5,"NO","NO","NO",0.59,"OTHER",3,"YES",2
1241140.01350207,58361.92,5,4,16,4.66,13.47,25.86,"SUBNEW",0.69,15,42236.81,5,"YES","NO","YES",1.57,"LEGAL",12,"NO",0
109969.335643284,5308.61,65,4,65,0.93,13.59,23.59,"CITY",0.94,12,30577.06,3,"NO","NO","NO",0.56,"OTHER",6,"NO",2
1359092.07818235,63948.32,7,6,7,2.57,11.94,15.91,"SUBNEW",0.89,21,51142.15,7,"NO","YES","NO",0.36,"BUS.",15,"NO",6
209224.983844023,16963.41,20,3,20,2.28,16.66,34.51,"SUBOLD",0.93,17,25505.76,8,"NO","NO","NO",1.33,"BUS.",7,"YES",5
219490.2337655,9833.89,11,3,11,2.74,11.79,15.2,"SUBNEW",0.98,24,53292.11,7,"NO","NO","NO",0.47,"BUS.",13,"NO",3
249744.073311109,11992.23,10,8,10,4.56,11.45,18.38,"SUBNEW",0.95,17,46335.33,5,"NO","NO","NO",1.05,"LEGAL",12,"NO",3
260342.483958422,13012.26,15,5,15,2.34,12.16,16.82,"SUBNEW",0.96,21,37559.49,6,"NO","NO","NO",0.4,"LEGAL",16,"NO",2
88653.8147513308,4387.73,40,7,70,0.63,13.8,23.94,"CITY",0.74,12,43458.52,5,"NO","NO","NO",0.28,"LEGAL",11,"NO",0
438769.993609406,37893,20,3,20,2.73,17.09,36.18,"SUBOLD",0.97,13,6221.55,6,"NO","NO","NO",1.72,"LEGAL",7,"NO",6
55967.1897947834,2482.16,65,5,65,1.06,13.38,21.91,"CITY",0.97,18,31490.21,3,"YES","NO","NO",0.36,"DOCTOR",13,"NO",0
110103.559940952,9046.6,24,3,24,1.95,12.75,18.66,"SUBNEW",0.55,10,39928.09,8,"NO","NO","NO",1.1,"BUS.",4,"NO",5
68766.7640818671,2558.08,39,4,39,1.14,13.36,22.77,"CITY",0.88,19,25958.81,3,"NO","NO","NO",0.66,"LEGAL",10,"NO",1
144880.470389139,12934.53,16,7,16,5.75,19.14,44.56,"SUBOLD",0.94,17,48095.92,5,"NO","NO","NO",1.85,"DOCTOR",2,"NO",0
75637.8666672906,6001.97,39,3,39,1.63,15.56,29.86,"SUBOLD",0.71,9,19110.46,4,"NO","NO","NO",1.43,"LEGAL",4,"NO",3
358507.023553976,19658.3,67,3,78,0.37,14.15,24.79,"CITY",0.89,9,42779.59,3,"NO","NO","NO",0.43,"BUS.",7,"NO",0
1183053.78911607,39858.97,0,5,52,0.65,14.49,25.79,"CITY",0.9,11,19396.96,4,"NO","NO","NO",0.9,"BUS.",9,"NO",1
142184.985431952,7933.48,8,7,8,2.11,16.51,34.06,"SUBOLD",0.96,5,8735.94,5,"YES","NO","YES",1.1,"OTHER",5,"NO",3
859709.239628386,35029.9,13,6,13,5.65,10.07,19.06,"SUBNEW",0.96,5,10895.93,4,"YES","NO","NO",0.38,"BUS.",1,"NO",9
203099.182190708,15460.68,29,6,29,3.02,11.82,14.87,"SUBNEW",0.85,16,35762.89,8,"NO","NO","NO",1.16,"LEGAL",8,"NO",0
428454.125169881,29968.91,12,10,12,2.82,14.18,25.04,"SUBNEW",0.93,23,70444.8,12,"NO","NO","NO",0.45,"OTHER",16,"NO",0
28472.541539499,1508.23,0,7,0,6.16,19.67,46.61,"SUBOLD",0.32,11,7681.45,7,"YES","NO","NO",2.19,"DOCTOR",5,"NO",0
221178.045339635,9692.71,33,6,33,0.51,14.86,28.09,"CITY",0.91,44,21018.29,10,"NO","NO","NO",0.67,"DOCTOR",20,"NO",3
567450.785800401,38603.62,16,6,16,3.92,17.4,37.33,"SUBOLD",0.9,8,28097.75,4,"YES","NO","NO",0.82,"BUS.",6,"NO",8
788644.367998697,42512.48,36,10,76,0.44,14.51,26.05,"CITY",0.91,15,16825.89,5,"NO","NO","NO",0.83,"LEGAL",13,"NO",3
129265.567859427,11567.64,31,8,31,1.54,15.64,30.25,"SUBOLD",0.85,9,15434.28,5,"NO","NO","NO",1.19,"BUS.",8,"NO",0
82577.2171472241,7123.91,6,8,44,5.15,18.69,42.59,"SUBOLD",0.89,15,38967.18,3,"NO","NO","NO",1.24,"DOCTOR",2,"NO",1
106499.657920754,3839.36,22,9,41,0.73,13.71,23.67,"CITY",1,24,28534.71,6,"NO","NO","NO",0.31,"LEGAL",12,"NO",3
3673652.77100435,150817,0,6,0,3.8,11.03,12.32,"SUBNEW",0.94,19,56675.75,6,"NO","NO","NO",1.58,"BUS.",2,"NO",21
84835.8796078803,6602.01,35,6,35,3.32,16.61,34.18,"SUBOLD",0.96,9,34519.19,3,"NO","NO","NO",1.43,"DOCTOR",2,"NO",1
249595.103280675,9832.41,6,10,6,5.32,11.64,22.14,"SUBNEW",0.69,5,36722.78,3,"NO","YES","NO",1.34,"GOVT",4,"NO",2
337897.688094298,15342.78,4,6,4,4.09,17.96,39.43,"SUBOLD",0.97,20,39926.19,7,"YES","YES","YES",0.04,"LEGAL",3,"NO",3
209401.735634519,12807.76,4,4,4,1.66,16.01,31.94,"SUBOLD",0.69,16,38758.58,3,"NO","NO","NO",0.87,"LEGAL",16,"NO",3
1213080.44464146,127720.67,34,3,34,2.08,16.47,33.85,"SUBOLD",0.84,11,33338.46,3,"NO","NO","NO",1.1,"BUS.",4,"NO",13
44709.155932161,1623.84,40,4,40,0.41,14.28,25.17,"CITY",0.86,40,43512.87,8,"YES","NO","NO",0.59,"DOCTOR",23,"YES",2
69990.9068860903,3757.8,1,3,1,2.62,17,35.85,"SUBOLD",0.72,8,18604.5,3,"NO","NO","NO",1.64,"BUS.",3,"YES",3
128424.35019512,5862.69,12,5,12,2.91,11.53,15.3,"SUBNEW",0.95,17,27940.43,7,"NO","NO","NO",0.35,"DOCTOR",2,"NO",0
293419.124566185,15206.01,11,3,11,4.66,11.36,18.47,"SUBNEW",0.97,16,64069.88,6,"NO","NO","NO",0.94,"BUS.",14,"NO",5
30290.7605655913,2907.06,43,6,43,5.34,19.09,44.06,"SUBOLD",0.94,13,38804.58,3,"NO","NO","NO",1.34,"GOVT",12,"YES",2
350071.662128696,15193.72,12,5,12,3.98,12.66,21.28,"SUBNEW",0.95,9,27020.54,4,"YES","NO","YES",1.62,"LEGAL",9,"NO",4
378747.612276234,11382.45,0,6,0,4.14,11.27,15.71,"SUBNEW",0.71,18,23688.32,6,"YES","YES","YES",1.24,"LEGAL",13,"NO",2
437740.518805422,19875.08,10,4,44,1.43,13.06,21.78,"CITY",0.93,29,23537.35,5,"NO","NO","NO",0.87,"LEGAL",14,"YES",2
70246.8708766274,2000.01,19,5,71,1.17,13.34,22.81,"CITY",0.73,11,24266.14,4,"YES","NO","NO",0.7,"DOCTOR",1,"YES",4
831703.443384509,54283.99,18,7,18,4.14,13.34,24.18,"SUBNEW",0.94,6,33255.74,8,"NO","NO","NO",1.21,"BUS.",5,"NO",8
36053.2514692259,2874.25,20,7,47,4.43,18.22,40.5,"SUBOLD",0.95,9,12211.13,2,"NO","NO","NO",0.45,"DOCTOR",2,"NO",2
2051982.97251628,80683.98,31,3,31,0.18,14.41,26.28,"CITY",1,48,39240.09,11,"NO","NO","NO",0.75,"BUS.",30,"NO",17
253267.938690956,21986.19,28,7,46,5.94,20.07,47.85,"SUBOLD",0.94,8,32661.76,3,"YES","NO","NO",2.21,"LEGAL",3,"NO",0
165591.712952344,8676.14,60,10,60,0.18,14.24,25.44,"CITY",0.96,13,22424.55,3,"NO","NO","NO",0.53,"GOVT",9,"NO",5
1306468.02831089,51195.31,5,3,5,2.76,13.54,22.41,"SUBNEW",0.97,14,37797.96,8,"NO","YES","NO",0.88,"BUS.",12,"NO",11
245525.654720595,10648.26,6,4,6,3.26,12.54,18.95,"SUBNEW",0.89,11,27460.78,4,"NO","YES","NO",1.72,"BUS.",11,"NO",3
203516.268238783,8665.93,44,4,44,0.28,14.22,25.13,"CITY",0.97,21,23766.26,8,"NO","NO","NO",0.49,"LEGAL",20,"NO",5
80979.1206787253,3484.23,48,4,48,1.22,15.37,30.69,"CITY",0.94,14,18164.87,4,"NO","NO","NO",0.6,"LEGAL",8,"NO",3
232729.285146405,11073.7,18,3,18,3.09,11.43,13.9,"SUBNEW",0.94,19,30275.58,6,"YES","NO","NO",0.65,"BUS.",5,"NO",0
211602.375211442,8690.5,15,6,48,0.32,14.34,25.49,"CITY",0.93,30,26778.2,7,"NO","NO","NO",0.63,"DOCTOR",8,"NO",0
304231.784170443,12855.58,9,3,9,2.52,13.75,23.03,"SUBNEW",0.81,17,62583.44,4,"YES","NO","YES",0.9,"BUS.",17,"NO",0
379297.580613446,18430.05,38,7,38,0.17,14.36,26.08,"CITY",0.84,22,15544.51,4,"NO","NO","NO",0.7,"DOCTOR",3,"NO",5
310500.38560811,23606.3,38,5,38,0.39,14.2,24.92,"CITY",0.63,31,35922.33,8,"NO","NO","NO",0.5,"GOVT",31,"YES",3
226898.081275798,12991.08,60,9,60,0.8,15.08,29.16,"CITY",0.78,31,22795.32,6,"NO","NO","NO",0.52,"LEGAL",4,"NO",1
54928.036961413,3356.38,6,7,17,1.65,15.92,31.44,"SUBOLD",0.69,17,43599.77,7,"YES","NO","NO",1.01,"DOCTOR",3,"NO",0
64352.7807653199,3116.51,7,3,7,1.59,15.61,30.09,"SUBOLD",0.94,4,13507.14,6,"NO","YES","NO",1.32,"OTHER",2,"NO",2
115076.876235669,4534.2,28,4,62,1.03,13.42,22.77,"CITY",1,12,15469.07,3,"NO","NO","NO",0.51,"LEGAL",10,"YES",3
533589.104932647,52227.7,19,3,19,5.4,19.61,46.02,"SUBOLD",0.65,8,7454.59,4,"YES","NO","YES",1.85,"BUS.",1,"NO",2
217818.650035263,10727.87,42,9,42,0.59,13.88,23.77,"CITY",0.95,18,27862.71,5,"NO","NO","NO",0.17,"OTHER",10,"NO",4
717128.254606072,26702.79,15,4,70,0.58,13.84,23.84,"CITY",0.92,11,20591.33,4,"YES","NO","NO",0.14,"LEGAL",10,"NO",0
99434.3784561089,8476.07,20,8,20,4.63,12.15,21.32,"SUBNEW",0.73,16,24547.48,9,"NO","NO","NO",1.71,"LEGAL",14,"NO",0
171551.926705244,5615.69,0,6,12,2.54,12.05,15.99,"SUBNEW",0.97,20,50345.84,9,"NO","YES","NO",0.62,"LEGAL",17,"NO",2
193629.593326042,5866.17,0,5,16,3.32,13.73,24.01,"SUBNEW",0.93,23,25522.16,8,"NO","YES","NO",0.48,"LEGAL",19,"NO",0
66372.7941712888,2543.68,36,8,59,0.69,14.76,26.9,"CITY",0.97,27,17816.38,4,"YES","NO","NO",1.12,"GOVT",2,"NO",1
1884372.2558405,85014.96,16,5,51,0.13,14.37,26.06,"CITY",0.91,23,41567.41,7,"NO","NO","NO",0.69,"BUS.",9,"NO",17
244249.306147541,9048.44,17,6,17,0.77,15.01,27.95,"CITY",0.83,65,47217.9,11,"YES","YES","NO",0.9,"LEGAL",32,"NO",1
25741.5582824731,1255.53,29,4,29,3.93,11.88,17.8,"SUBNEW",0.82,19,35349.3,6,"NO","NO","NO",1.62,"DOCTOR",1,"NO",3
163642.511876681,9255.81,27,7,27,3.82,11.12,13.13,"SUBNEW",0.95,20,43021.25,6,"NO","NO","NO",1.69,"GOVT",14,"NO",0
109023.110309181,4345.67,2,5,18,3.71,12.07,17.97,"SUBNEW",0.86,10,19559.39,11,"NO","NO","NO",1.86,"LEGAL",7,"NO",0
990339.428587478,40035.82,0,3,0,5.12,10.61,17.91,"SUBNEW",0.51,9,31386.43,4,"NO","NO","NO",0.27,"BUS.",8,"NO",5
358069.439784381,43630.96,21,3,37,2.09,15.76,30.61,"SUBOLD",0.57,9,37875.13,2,"NO","NO","NO",1.9,"BUS.",4,"NO",8
188006.926427324,9230.36,44,4,74,1,13.69,22.62,"CITY",0.95,12,23531.56,7,"NO","NO","NO",0.53,"LEGAL",10,"NO",8
2982061.70789888,112977.16,18,6,65,0.12,14.33,25.68,"CITY",0.85,11,12625.48,5,"YES","NO","NO",0.6,"LEGAL",3,"NO",11
189032.199673894,12535.11,19,4,19,2.39,12.13,16.58,"SUBNEW",0.74,14,14731.35,5,"NO","NO","NO",0.47,"LEGAL",3,"NO",5
93382.1670985294,7646.81,13,3,13,6.32,20.45,49.37,"SUBOLD",1,17,22343.99,4,"YES","NO","NO",2.58,"OTHER",1,"NO",0
323052.088778927,22174.15,34,10,34,1.64,15.52,29.68,"SUBOLD",0.95,17,19159.29,4,"YES","NO","NO",1.49,"GOVT",14,"NO",4
72539.6694253251,10541.73,7,5,7,6.33,19.75,47.01,"SUBOLD",0.72,17,37247.73,5,"NO","NO","NO",2.38,"OTHER",16,"NO",3
1232929.48414059,53194.9,13,3,13,2.23,13.58,22.07,"SUBNEW",0.94,24,55079.15,9,"NO","NO","NO",1.29,"GOVT",12,"YES",6
1066592.48470403,35109.03,7,5,47,0.24,14.19,25.24,"CITY",0.81,25,35460.23,5,"NO","YES","NO",0.48,"BUS.",1,"NO",6
281405.661787024,15200.94,44,10,79,0.89,13.93,23.52,"CITY",0.99,9,7990.84,5,"NO","NO","NO",0.62,"GOVT",2,"NO",4
224578.987230059,17014.27,16,5,16,3.84,17.26,36.81,"SUBOLD",0.93,13,21561.02,5,"NO","NO","NO",0.94,"BUS.",1,"NO",0
33561.6032437318,1527.21,43,8,43,1,15.22,28.7,"CITY",0.84,12,30605.55,3,"NO","NO","NO",0.91,"DOCTOR",1,"NO",1
213856.005965034,15193.57,9,9,26,3.06,16.06,32.08,"SUBOLD",0.63,17,40979.9,5,"YES","NO","YES",1.99,"LEGAL",7,"YES",4
427876.044017494,17186.09,4,10,4,3.69,11.16,12.76,"SUBNEW",0.74,18,55007.15,10,"NO","YES","NO",1.54,"LEGAL",14,"NO",4
87295.9751058259,7487.69,9,7,9,6.2,20.22,48.47,"SUBOLD",0.91,9,23640.26,7,"NO","NO","NO",2.33,"BUS.",6,"NO",4
153164.001837427,6330.08,15,10,40,0.58,15,28.36,"CITY",0.85,15,21339.86,5,"NO","YES","NO",0.57,"DOCTOR",6,"NO",1
1359370.26414475,72493.45,1,4,1,2.09,16.49,34.41,"SUBOLD",0.58,6,12082.24,6,"NO","NO","NO",0.96,"BUS.",1,"NO",11
821933.509342417,36992.12,32,6,62,1.09,13.46,21.86,"CITY",0.99,21,23438.32,4,"NO","NO","NO",0.45,"GOVT",11,"YES",11
50158.1749047648,1833.55,47,7,47,0.2,14.6,26.9,"CITY",0.93,27,8838.5,6,"YES","NO","NO",0.9,"LEGAL",17,"NO",3
1626547.50668014,53543.88,1,5,1,3.61,13.64,24.15,"SUBNEW",0.94,31,64591.19,10,"YES","YES","YES",0.65,"BUS.",19,"NO",6
1683923.80462147,53734.67,3,3,24,4.94,10.38,16.1,"SUBNEW",0.88,14,23534.96,5,"YES","YES","YES",0.68,"LEGAL",12,"NO",11
110568.643030576,9406.14,12,5,12,3.68,17.89,39.14,"SUBOLD",0.61,10,13398.58,4,"YES","NO","NO",0.84,"OTHER",4,"NO",0
27326.7192367454,1074.99,1,4,35,4.06,17.07,36.34,"SUBOLD",0.83,14,46977.49,4,"YES","NO","YES",1.51,"OTHER",2,"YES",2
46945.7666914501,2038.02,19,9,71,0.82,15.18,29.38,"CITY",0.63,10,47389.54,4,"NO","NO","NO",0.36,"OTHER",1,"NO",2
246584.10170641,9394.89,2,9,23,2.9,12.13,16.27,"SUBNEW",0.85,16,56140.05,4,"NO","YES","NO",1.42,"BUS.",4,"NO",0
166363.942283286,11471.61,18,9,18,2.64,12.46,17.54,"SUBNEW",0.75,24,52916.11,9,"NO","NO","NO",1.5,"DOCTOR",3,"NO",0
61869.7724999548,2331.51,15,7,30,5.52,10.6,19.87,"SUBNEW",0.81,14,54888.55,10,"NO","YES","NO",0.32,"OTHER",10,"NO",0
332481.987218696,50149.98,44,9,44,4.96,19.11,43.99,"SUBOLD",0.91,10,33654.73,3,"NO","NO","NO",1.31,"LEGAL",5,"NO",0
53629.8308625405,8139.76,46,5,46,2.26,16.69,35,"SUBOLD",0.88,11,24348.69,3,"NO","NO","NO",1.16,"LEGAL",10,"NO",0
517157.623212718,20347.11,19,10,45,0.75,13.76,23.18,"CITY",1,35,25379.23,6,"NO","NO","NO",0.22,"DOCTOR",2,"YES",4
217404.791373243,11379.18,38,6,38,0.14,14.47,26.47,"CITY",0.88,43,41405.72,9,"NO","NO","NO",0.79,"BUS.",35,"NO",5
94976.4490671968,6740.06,8,5,8,1.65,15.93,31.48,"SUBOLD",0.64,14,31313.99,4,"YES","NO","YES",1.02,"BUS.",4,"NO",2
27258.9473752174,2161.03,30,7,30,3.27,13.94,24.7,"SUBNEW",0.95,14,40528.2,3,"NO","NO","NO",0.27,"DOCTOR",2,"NO",0
69043.8461005986,2642.18,1,3,24,2.59,13.12,20.42,"SUBNEW",0.65,18,48237.9,8,"NO","NO","NO",1.41,"OTHER",1,"NO",1
502918.283099743,17137.11,8,6,20,1.47,13.56,21.85,"CITY",0.92,55,50364.02,10,"NO","NO","NO",1.04,"BUS.",29,"NO",5
834453.627400949,27472.51,5,5,50,0.21,14.36,25.67,"CITY",0.94,20,28775.95,5,"NO","NO","NO",0.63,"BUS.",10,"NO",4
101147.310437828,3452.51,22,10,48,0.12,14.47,26.18,"CITY",0.93,27,10106.93,5,"YES","NO","NO",0.74,"DOCTOR",17,"NO",3
149654.452355087,8168.57,35,7,47,1.03,15.38,29.49,"CITY",0.99,29,20445.65,6,"NO","NO","NO",0.64,"DOCTOR",18,"YES",2
734566.397602288,32613.56,23,10,40,1.44,13.72,25.66,"CITY",0.88,10,27073.92,3,"NO","NO","NO",0.43,"GOVT",2,"NO",5
284824.747145106,19278.94,11,10,11,2.52,13.52,22.09,"SUBNEW",0.85,14,16070.38,7,"NO","NO","NO",1.08,"LEGAL",13,"NO",0
1150906.62445572,69894.77,16,9,16,2.23,13.02,19.72,"SUBNEW",0.93,12,51565.67,3,"NO","NO","NO",1.71,"BUS.",6,"NO",0
51828.2028375789,6523.38,44,7,44,3.07,16.17,32.5,"SUBOLD",0.59,14,43285.48,6,"NO","NO","NO",1.85,"LEGAL",13,"NO",0
63801.5800646251,1732.53,4,4,75,0.85,13.59,22.74,"CITY",0.95,9,43901.48,3,"YES","NO","YES",0.14,"DOCTOR",3,"NO",2
2496220.11082055,113322.59,5,4,5,4.54,10.81,15.58,"SUBNEW",0.79,17,44508.09,6,"NO","NO","NO",0.88,"BUS.",15,"NO",0
125255.725476174,5164.62,22,5,22,1.11,15.34,29.18,"CITY",0.97,56,39918.04,10,"NO","NO","NO",0.88,"DOCTOR",8,"NO",2
227306.355537578,7368,14,3,83,0.95,13.56,23.45,"CITY",0.92,7,30100.61,4,"NO","YES","NO",0.55,"LEGAL",3,"NO",6
1360846.3014476,63252.43,48,10,48,0.53,14.56,26.16,"CITY",0.87,8,11493.16,5,"NO","NO","NO",0.9,"GOVT",1,"NO",11
127285.137215658,5205.91,11,8,11,3.55,11.3,13.09,"SUBNEW",0.84,18,47797.83,5,"NO","NO","NO",1.44,"GOVT",8,"NO",0
1486132.79568928,66606.55,6,3,6,1.83,16.26,33.24,"SUBOLD",0.52,8,34439.07,4,"NO","YES","NO",0.76,"BUS.",6,"NO",0
438088.707673812,16820.74,6,7,41,1.28,13.4,23.62,"CITY",0.74,16,35943.25,5,"NO","NO","NO",0.9,"LEGAL",14,"NO",0
932451.238215575,44968.27,27,4,41,0.68,13.76,23.8,"CITY",0.89,17,17249.95,5,"NO","NO","NO",0.28,"LEGAL",15,"NO",7
56109.8250466464,8530.74,36,3,36,3.27,17.66,38.49,"SUBOLD",0.79,10,37930.41,4,"NO","NO","NO",1.68,"BUS.",8,"NO",0
1115676.69953104,41549.86,0,10,0,3.75,11.9,17.25,"SUBNEW",0.38,18,32877.74,3,"YES","YES","NO",1.74,"LEGAL",8,"NO",10
393591.489143227,12738,0,4,0,2.53,12.18,16.3,"SUBNEW",1,25,63202.84,7,"YES","YES","YES",0.89,"DOCTOR",14,"NO",6
19502.7806469747,1280.83,23,10,23,4.21,12.42,20.97,"SUBNEW",0.7,14,17232.85,4,"NO","NO","NO",1.91,"DOCTOR",1,"NO",0
126762.948796801,7255.67,18,5,18,2.09,14.15,24.33,"SUBNEW",0.93,12,26914.98,7,"YES","NO","NO",1.18,"BUS.",10,"NO",0
1102823.496002,52147.28,11,6,42,1.36,15.59,30.14,"CITY",0.96,22,26272.19,5,"NO","NO","NO",0.94,"GOVT",8,"YES",0
72514.6373025192,3179.92,7,10,7,5.11,11.33,20.29,"SUBNEW",0.7,13,35376.21,8,"YES","NO","NO",0.92,"GOVT",1,"NO",1
595084.220426732,18681.55,10,9,46,0.11,14.31,25.67,"CITY",0.93,22,28956.56,7,"YES","YES","YES",0.59,"GOVT",7,"NO",2
427837.051285633,27284.26,76,9,76,0.16,14.45,26.05,"CITY",0.94,3,25939.9,2,"NO","NO","NO",0.72,"LEGAL",2,"NO",4
365051.671828105,20705.17,36,8,61,0.95,13.55,23.41,"CITY",0.91,12,36242.49,3,"NO","NO","NO",0.53,"GOVT",3,"YES",2
126140.791496883,3628.51,2,4,2,4.07,11.88,18.31,"SUBNEW",0.74,18,36584.61,5,"YES","YES","YES",1.55,"GOVT",2,"NO",5
136127.94137423,5370.87,36,4,64,0.6,13.83,23.93,"CITY",0.92,12,21305.13,4,"NO","NO","NO",0.22,"DOCTOR",8,"NO",3
104813.652563365,4602.16,17,5,29,4.85,13.09,25.13,"SUBNEW",0.83,15,44645.99,7,"YES","NO","NO",1.9,"LEGAL",11,"NO",4
145563.408169365,6322.65,38,8,38,0.48,14.06,25.13,"CITY",0.99,38,22041.21,5,"NO","NO","NO",0.55,"BUS.",37,"NO",2
705138.193122805,40042.21,10,7,10,2.05,16.1,32,"SUBOLD",0.87,17,49411.41,5,"NO","NO","NO",1.55,"LEGAL",11,"NO",9
58091.4260056369,1580.76,15,9,52,1.03,13.54,22.15,"CITY",0.97,19,35862.71,4,"YES","NO","NO",0.43,"DOCTOR",2,"YES",2
607947.45384175,36314.27,9,8,27,4.96,11.17,19.1,"SUBNEW",0.9,19,43135.31,6,"NO","NO","NO",0.73,"BUS.",8,"NO",8
162863.472397966,9030.73,17,4,29,4.04,12.89,22.3,"SUBNEW",0.84,6,22869.11,6,"YES","NO","YES",1.46,"BUS.",6,"NO",0
81294.9992384059,6981.9,7,10,38,2.22,15.21,28.51,"SUBOLD",0.84,13,36678.87,5,"NO","NO","NO",1.64,"BUS.",7,"NO",1
230680.732719518,6028.5,3,4,75,0.48,13.99,24.76,"CITY",0.78,8,27920.08,4,"YES","YES","NO",0.43,"OTHER",5,"NO",5
1333128.89722299,56874.18,17,3,17,4.33,10.61,13.21,"SUBNEW",0.59,21,31723.58,7,"YES","NO","NO",1.38,"BUS.",13,"NO",6
44284.4529634112,1762.81,9,4,9,4.03,11.65,17.07,"SUBNEW",0.99,17,40683.65,8,"YES","NO","NO",1.44,"DOCTOR",15,"NO",3
41086.6643946742,4543,26,10,44,3.39,17.77,38.92,"SUBOLD",0.78,6,6768.36,3,"NO","NO","NO",1.65,"LEGAL",5,"NO",6
1040393.52610043,5114.71,8,3,34,2.29,16.02,31.64,"SUBOLD",0.87,15,28091.93,7,"NO","YES","NO",1.89,"DOCTOR",1,"NO",3
41301.8939979538,2204.09,13,9,13,5.27,12.11,23.43,"SUBNEW",0.86,13,54847.66,6,"NO","NO","NO",1.82,"LEGAL",13,"NO",0
1859393.17083101,95953.43,18,6,18,0.4,14.03,24.53,"CITY",0.89,51,28694.5,13,"NO","NO","NO",0.31,"BUS.",6,"YES",14
231355.663293571,12861.83,18,4,18,5.36,13.61,28.13,"SUBNEW",0.92,14,43765.78,4,"NO","NO","NO",2.2,"LEGAL",13,"NO",0
-50183.8799909672,4057.35,9,3,42,6.01,19.57,46.15,"SUBOLD",0.75,8,20981.66,4,"NO","NO","NO",2.03,"DOCTOR",3,"NO",2
74337.2692586646,4700.53,8,5,8,1.87,15.98,31.57,"SUBOLD",0.86,9,40017.5,4,"NO","NO","NO",1.38,"DOCTOR",2,"NO",3
799245.570746184,30373.87,12,6,12,5.6,10.54,20.11,"SUBNEW",0.88,13,39591.47,6,"YES","YES","NO",0.35,"BUS.",5,"NO",4
128704.406781478,6054.91,15,7,15,5.71,10.69,21.02,"SUBNEW",0.87,24,42441.51,7,"YES","NO","NO",0.62,"DOCTOR",4,"NO",5
633360.608683428,27063.23,10,7,10,3.09,11.39,14.12,"SUBNEW",0.86,18,36097.51,4,"YES","NO","YES",0.58,"BUS.",3,"NO",0
105742.656966499,6297.57,16,6,16,2.96,11.66,14.31,"SUBNEW",0.95,9,35408.04,3,"NO","NO","NO",0.77,"DOCTOR",8,"NO",0
123527.316835589,8895.66,7,5,39,3.41,17.75,38.75,"SUBOLD",0.55,20,32827.57,6,"YES","NO","YES",1.42,"LEGAL",13,"NO",5
328736.517831577,14209.78,25,8,47,1.07,14.24,27.04,"CITY",0.97,10,6309.55,6,"NO","NO","NO",0.28,"DOCTOR",1,"YES",3
313829.44166644,13954.02,4,5,17,2.59,11.86,16.11,"SUBNEW",0.94,21,40103.24,4,"NO","NO","NO",0.13,"BUS.",12,"NO",3
126195.553942149,6676.85,6,7,6,3.14,12.46,18.3,"SUBNEW",0.97,17,35027.29,6,"NO","NO","NO",1.85,"OTHER",14,"NO",2
832984.01904247,50077.13,24,4,24,1.96,16.38,33.87,"SUBOLD",0.82,18,38701.4,3,"NO","YES","NO",0.85,"BUS.",13,"NO",0
35040.028994782,1761.58,14,8,14,1.87,13.16,20.19,"SUBNEW",0.85,21,44692.79,8,"NO","NO","NO",1.33,"OTHER",12,"NO",0
55775.9433883814,2337.44,7,6,7,2.87,11.55,16.31,"SUBNEW",0.8,15,26298.71,6,"NO","YES","NO",0.42,"DOCTOR",3,"NO",0
328110.179904615,23351.52,39,6,39,1.05,14.72,26.55,"CITY",0.78,16,21720.33,4,"NO","NO","NO",1.3,"BUS.",15,"NO",4
78187.6274624144,3431.31,52,4,52,1.46,13.65,22.16,"CITY",0.95,17,26626.31,6,"NO","NO","NO",1.07,"BUS.",15,"YES",1
191728.884471856,8333.95,6,9,70,1.45,13.02,21.56,"CITY",0.82,11,6146.44,4,"NO","NO","NO",0.87,"LEGAL",10,"NO",3
1065565.1379308,40906.69,41,3,59,1.17,13.33,21.46,"CITY",0.97,18,24041.24,4,"YES","NO","NO",0.48,"BUS.",8,"NO",0
66048.6543003671,8871.8,34,8,34,5.06,18.82,42.94,"SUBOLD",0.87,5,31679.1,3,"NO","NO","NO",1.06,"OTHER",2,"NO",0
1984391.80958398,84032.61,5,3,5,3.53,11.35,13.34,"SUBNEW",0.92,25,53291.42,7,"YES","NO","YES",1.45,"BUS.",13,"NO",8
1052918.29664836,51757.34,35,8,50,0.25,14.18,25.28,"CITY",0.92,27,24395.27,5,"NO","NO","NO",0.5,"GOVT",9,"NO",6
365693.665837876,21137.77,30,3,30,4.61,12.22,21.51,"SUBNEW",0.87,18,46839.97,8,"NO","NO","NO",1.79,"BUS.",17,"NO",4
989379.556271451,48764.7,41,6,60,0.54,14.97,28.2,"CITY",0.88,23,28553.68,8,"NO","NO","NO",0.61,"OTHER",15,"YES",6
511807.701597529,17952.19,5,9,20,1.26,15.48,30.98,"CITY",0.98,58,41987.63,10,"YES","NO","YES",0.49,"DOCTOR",5,"NO",2
715874.242308795,40599.02,0,6,0,1.79,13.47,21.43,"SUBNEW",0.43,10,24453.61,4,"NO","NO","NO",1.37,"OTHER",5,"NO",2
601266.674583171,27363.85,38,3,38,0.55,14.2,24.75,"CITY",0.85,21,34183.75,7,"NO","NO","NO",0.58,"BUS.",13,"NO",4
83356.3839929539,3029.93,48,9,48,1.47,12.99,21.36,"CITY",0.89,16,24285.02,3,"NO","NO","NO",0.88,"LEGAL",5,"NO",3
907079.199072797,38713.22,39,3,39,0.88,15.2,28.78,"CITY",0.92,27,32425.11,5,"YES","NO","NO",0.73,"BUS.",20,"NO",2
1759137.52532871,53748.59,0,7,39,0.79,13.79,23.18,"CITY",0.77,4,31964.62,3,"YES","NO","YES",0.32,"BUS.",3,"YES",4
218326.671564874,7296.79,9,10,39,0.98,13.49,23.05,"CITY",0.86,23,49026.16,6,"YES","NO","YES",0.49,"OTHER",4,"NO",7
149163.757966183,5747.93,24,4,70,1.44,15,30.18,"CITY",0.97,17,30334.38,5,"NO","NO","NO",0.86,"DOCTOR",1,"NO",1
2771803.7754949,153277.04,8,10,8,5.52,10.43,19.38,"SUBNEW",0.79,19,60560.46,3,"NO","NO","NO",0.16,"BUS.",8,"NO",0
134635.963844398,4270.97,0,7,30,5.23,12.3,23.84,"SUBNEW",0.79,20,41008.02,7,"NO","YES","NO",1.99,"DOCTOR",3,"NO",1
211247.359326927,6121.72,6,9,6,1.42,15.84,31.48,"CITY",0.99,74,58272.26,10,"YES","YES","NO",0.48,"DOCTOR",47,"YES",2
24105.7920522254,2596.4,39,6,39,4.9,19.09,43.91,"SUBOLD",0.82,7,25681.35,5,"NO","NO","NO",1.35,"DOCTOR",5,"NO",2
435921.126196715,14633.57,1,4,13,2.55,12.08,16.02,"SUBNEW",0.94,9,27056.6,6,"NO","YES","NO",0.71,"LEGAL",8,"NO",0
204110.99810541,7891.58,6,3,19,1.48,15.56,31.63,"CITY",0.97,60,28218.92,12,"YES","NO","YES",0.75,"OTHER",6,"NO",1
364087.207215549,18901.64,43,7,43,0.19,14.35,26.07,"CITY",0.97,14,28533.26,6,"NO","NO","NO",0.7,"GOVT",7,"NO",4
1483567.46179049,83723.64,44,10,44,0.45,13.98,24.48,"CITY",0.91,17,37937.61,3,"NO","NO","NO",0.31,"BUS.",15,"NO",6
69196.5091634164,4926.86,57,4,74,0.92,15.22,28.84,"CITY",0.81,6,28421.52,6,"NO","NO","NO",0.75,"BUS.",3,"YES",3
